(setq *all-nodes* '(#1=#s(extended-node plist ((:name . "r-0-0-0")) arc-list (#s(costed-arc plist nil from #1# to #2=#s(extended-node plist ((:name . "r-0-1-5")) arc-list (#s(costed-arc plist nil from #2# to #3=#s(extended-node plist ((:name . "r-0-2-5")) arc-list (#s(costed-arc plist nil from #3# to #4=#s(extended-node plist ((:name . "r-0-3-5")) arc-list (#s(costed-arc plist nil from #4# to #5=#s(extended-node plist ((:name . "r-0-3-5<->-l-0-3-0")) arc-list (#s(costed-arc plist nil from #5# to #6=#s(extended-node plist ((:name . "l-0-3-0")) arc-list (#s(costed-arc plist nil from #6# to #7=#s(extended-node plist ((:name . "r-0-3-3<->-l-0-3-0")) arc-list (#s(costed-arc plist nil from #7# to #6# cost 0) #s(costed-arc plist nil from #7# to #8=#s(extended-node plist ((:name . "r-0-3-3")) arc-list (#s(costed-arc plist nil from #8# to #7# cost 0) #s(costed-arc plist nil from #8# to #9=#s(extended-node plist ((:name . "r-0-3-3<->-l-0-3-1")) arc-list (#s(costed-arc plist nil from #9# to #10=#s(extended-node plist ((:name . "l-0-3-1")) arc-list (#s(costed-arc plist nil from #10# to #9# cost 0) #s(costed-arc plist nil from #10# to #11=#s(extended-node plist ((:name . "r-0-3-4<->-l-0-3-1")) arc-list (#s(costed-arc plist nil from #11# to #10# cost 0) #s(costed-arc plist nil from #11# to #12=#s(extended-node plist ((:name . "r-0-3-4")) arc-list (#s(costed-arc plist nil from #12# to #13=#s(extended-node plist ((:name . "r-0-3-4<->-l-0-3-0")) arc-list (#s(costed-arc plist nil from #13# to #6# cost 0) #s(costed-arc plist nil from #13# to #12# cost 0)) arm :arms islands (#1191="r-0-3-4" #1341="l-0-3-0") contact-point-index nil contact-point nil contact-type nil graph-depth 3 door-angle -80 solved nil robot-pose #f(179.841 -18.5602 -1.65387 26.196 -64.3366 -92.4547 -49.8684 194.347 -36.4754 44.9921 -76.513 -75.1437 -15.8311 -40.5878 188.044 0.0 0.0) robot-pose-optimized nil base-coords #s(coordinates plist nil rot #2f((0.853041 -0.521843 0.0) (0.521843 0.853041 0.0) (0.0 0.0 1.0)) pos #f(-558.606 197.847 0.0)) base-coords-optimized nil object-coords-index nil object-coords nil ik-target-coords nil torque nil torque-optimized nil overload? nil transitable-nodes nil intransitable-nodes nil) cost 0) #s(costed-arc plist nil from #12# to #11# cost 0) #s(costed-arc plist nil from #12# to #14=#s(extended-node plist ((:name . "r-0-3-4<->-l-0-3-2")) arc-list (#s(costed-arc plist nil from #14# to #15=#s(extended-node plist ((:name . "l-0-3-2")) arc-list (#s(costed-arc plist nil from #15# to #16=#s(extended-node plist ((:name . "r-0-3-3<->-l-0-3-2")) arc-list (#s(costed-arc plist nil from #16# to #15# cost 0) #s(costed-arc plist nil from #16# to #8# cost 0)) arm :arms islands (#1201="r-0-3-3" #18="l-0-3-2") contact-point-index nil contact-point nil contact-type nil graph-depth 3 door-angle -80 solved nil robot-pose #f(162.878 -20.5096 32.5914 30.2756 -90.2425 -98.6118 -73.0077 199.917 -33.9201 38.0267 -64.0159 -86.6537 -12.1818 -39.6917 188.168 0.0 0.0) robot-pose-optimized nil base-coords #s(coordinates plist nil rot #2f((0.849983 -0.52681 0.0) (0.52681 0.849983 0.0) (0.0 0.0 1.0)) pos #f(-551.664 211.085 0.0)) base-coords-optimized nil object-coords-index nil object-coords nil ik-target-coords nil torque nil torque-optimized nil overload? nil transitable-nodes nil intransitable-nodes nil) cost 0) #s(costed-arc plist nil from #15# to #14# cost 0) #s(costed-arc plist nil from #15# to #17=#s(extended-node plist ((:name . "r-0-3-5<->-l-0-3-2")) arc-list (#s(costed-arc plist nil from #17# to #15# cost 0) #s(costed-arc plist nil from #17# to #4# cost 0)) arm :arms islands (#1195="r-0-3-5" #18#) contact-point-index nil contact-point nil contact-type nil graph-depth 3 door-angle -80 solved nil robot-pose #f(117.871 -13.1511 39.6836 10.0963 -114.191 179.081 -35.2497 339.803 -35.6389 49.7803 -83.5952 -70.596 -21.3714 -40.59 179.691 0.0 0.0) robot-pose-optimized nil base-coords #s(coordinates plist nil rot #2f((0.853116 -0.521722 0.0) (0.521722 0.853116 0.0) (0.0 0.0 1.0)) pos #f(-505.724 183.448 0.0)) base-coords-optimized nil object-coords-index nil object-coords nil ik-target-coords nil torque nil torque-optimized nil overload? nil transitable-nodes nil intransitable-nodes nil) cost 0) #s(costed-arc plist nil from #15# to #19=#s(extended-node plist ((:name . "l-0-4-11")) arc-list (#s(costed-arc plist nil from #19# to #20=#s(extended-node plist ((:name . "r-0-4-1<->-l-0-4-11")) arc-list (#s(costed-arc plist nil from #20# to #19# cost 0) #s(costed-arc plist nil from #20# to #21=#s(extended-node plist ((:name . "r-0-4-1")) arc-list (#s(costed-arc plist nil from #21# to #22=#s(extended-node plist ((:name . "r-0-4-1<->-l-0-4-3")) arc-list (#s(costed-arc plist nil from #22# to #23=#s(extended-node plist ((:name . "l-0-4-3")) arc-list (#s(costed-arc plist nil from #23# to #22# cost 0) #s(costed-arc plist nil from #23# to #24=#s(extended-node plist ((:name . "r-0-4-2<->-l-0-4-3")) arc-list (#s(costed-arc plist nil from #24# to #23# cost 0) #s(costed-arc plist nil from #24# to #25=#s(extended-node plist ((:name . "r-0-4-2")) arc-list (#s(costed-arc plist nil from #25# to #26=#s(extended-node plist ((:name . "r-0-4-2<->-l-0-4-1")) arc-list (#s(costed-arc plist nil from #26# to #27=#s(extended-node plist ((:name . "l-0-4-1")) arc-list (#s(costed-arc plist nil from #27# to #26# cost 0) #s(costed-arc plist nil from #27# to #28=#s(extended-node plist ((:name . "r-0-4-4<->-l-0-4-1")) arc-list (#s(costed-arc plist nil from #28# to #27# cost 0) #s(costed-arc plist nil from #28# to #29=#s(extended-node plist ((:name . "r-0-4-4")) arc-list (#s(costed-arc plist nil from #29# to #30=#s(extended-node plist ((:name . "r-0-4-4<->-l-0-4-0")) arc-list (#s(costed-arc plist nil from #30# to #31=#s(extended-node plist ((:name . "l-0-4-0")) arc-list (#s(costed-arc plist nil from #31# to #32=#s(extended-node plist ((:name . "r-0-4-3<->-l-0-4-0")) arc-list (#s(costed-arc plist nil from #32# to #31# cost 0) #s(costed-arc plist nil from #32# to #33=#s(extended-node plist ((:name . "r-0-4-3")) arc-list (#s(costed-arc plist nil from #33# to #32# cost 0) #s(costed-arc plist nil from #33# to #34=#s(extended-node plist ((:name . "r-0-4-3<->-l-0-4-2")) arc-list (#s(costed-arc plist nil from #34# to #35=#s(extended-node plist ((:name . "l-0-4-2")) arc-list (#s(costed-arc plist nil from #35# to #34# cost 0) #s(costed-arc plist nil from #35# to #36=#s(extended-node plist ((:name . "r-0-4-4<->-l-0-4-2")) arc-list (#s(costed-arc plist nil from #36# to #35# cost 0) #s(costed-arc plist nil from #36# to #29# cost 0)) arm :arms islands (#980="r-0-4-4" #973="l-0-4-2") contact-point-index nil contact-point nil contact-type nil graph-depth 4 door-angle -100 solved nil robot-pose #f(180.759 29.3851 23.5266 68.1975 -121.525 -143.211 -67.0864 234.959 -16.0087 36.3054 -82.8652 -70.7555 -11.4425 -40.2564 186.282 0.0 0.0) robot-pose-optimized nil base-coords #s(coordinates plist nil rot #2f((0.921617 -0.388101 0.0) (0.388101 0.921617 0.0) (0.0 0.0 1.0)) pos #f(-503.765 366.476 0.0)) base-coords-optimized nil object-coords-index nil object-coords nil ik-target-coords nil torque nil torque-optimized nil overload? nil transitable-nodes nil intransitable-nodes nil) cost 0) #s(costed-arc plist nil from #35# to #1022=#s(extended-node plist ((:name . "goal")) arc-list nil arm nil islands nil contact-point-index nil contact-point nil contact-type nil graph-depth nil door-angle nil solved nil robot-pose nil robot-pose-optimized nil base-coords nil base-coords-optimized nil object-coords-index nil object-coords nil ik-target-coords nil torque nil torque-optimized nil overload? nil transitable-nodes nil intransitable-nodes nil) cost 1)) arm :larm islands nil contact-point-index 0 contact-point nil contact-type point graph-depth 4 door-angle -100 solved t robot-pose #f(217.262 113.065 15.4941 77.2793 -121.529 -17.566 -5.95653 178.266 -60.0 74.0 -70.0 -120.0 -20.0 -30.0 180.0 0.0 0.0) robot-pose-optimized #f(219.096 72.2791 16.5942 74.993 -107.31 -34.0019 -5.73237 185.459 -60.0 74.0 -70.0 -120.0 -20.0 -30.0 180.0 0.0 0.0) base-coords #s(coordinates plist nil rot #2f((0.947272 -0.320431 0.0) (0.320431 0.947272 0.0) (0.0 0.0 1.0)) pos #f(-89.5039 82.1817 0.0)) base-coords-optimized #s(coordinates plist nil rot #2f((0.660146 -0.751137 0.0) (0.751137 0.660146 0.0) (0.0 0.0 1.0)) pos #f(-85.2283 63.7058 0.0)) object-coords-index 2 object-coords #291=#s(cascaded-coords plist nil rot #2f((1.0 0.0 0.0) (0.0 1.0 0.0) (0.0 0.0 1.0)) pos #f(60.0 -750.0 1068.75) parent #39=#s(bodyset-link plist ((:pqpmodel . 100567952) (:name . door-plate) (:i-til . #2f((0.0 0.0 0.0) (0.0 0.0 0.0) (0.0 0.0 0.0))) (:c-til . #f(0.0 0.0 0.0)) (:m-til . 0)) rot #2f((-0.173648 0.984808 0.0) (-0.984808 -0.173648 0.0) (0.0 0.0 1.0)) pos #f(0.0 -25.0 0.0) parent #37=#s(bodyset-link plist ((:pqpmodel . 108118368) (:name . door-hinge) (:i-til . #2f((0.0 0.0 0.0) (0.0 0.0 0.0) (0.0 0.0 0.0))) (:c-til . #f(0.0 0.0 0.0)) (:m-til . 0)) rot #2f((1.0 0.0 0.0) (0.0 1.0 0.0) (0.0 0.0 1.0)) pos #f(0.0 0.0 0.0) parent #38=#s(door plist nil rot #2f((1.0 0.0 0.0) (0.0 1.0 0.0) (0.0 0.0 1.0)) pos #f(700.0 700.0 0.0) parent nil descendants (#37#) worldcoords #s(coordinates plist nil rot #2f((1.0 0.0 0.0) (0.0 1.0 0.0) (0.0 0.0 1.0)) pos #f(700.0 700.0 0.0)) manager #38# changed nil links (#37# #39# #40=#s(bodyset-link plist ((:pqpmodel . 107586672) (:name . front-knob) (:i-til . #2f((0.0 0.0 0.0) (0.0 0.0 0.0) (0.0 0.0 0.0))) (:c-til . #f(0.0 0.0 0.0)) (:m-til . 0)) rot #2f((1.0 0.0 0.0) (0.0 1.0 0.0) (0.0 0.0 1.0)) pos #f(-37.5 -700.0 1000.0) parent #39# descendants (#41=#s(bodyset-link plist ((:pqpmodel . 107700608) (:name . rear-knob) (:i-til . #2f((0.0 0.0 0.0) (0.0 0.0 0.0) (0.0 0.0 0.0))) (:c-til . #f(0.0 0.0 0.0)) (:m-til . 0)) rot #2f((1.0 0.0 0.0) (0.0 1.0 0.0) (0.0 0.0 1.0)) pos #f(125.0 0.0 0.0) parent #40# descendants (#42=#s(cascaded-coords plist ((:name . "rear-knob-coords")) rot #2f((1.0 0.0 0.0) (0.0 1.0 0.0) (0.0 0.0 1.0)) pos #f(0.0 50.0 0.0) parent #41# descendants (#43=#s(cascaded-coords plist nil rot #2f((-1.0 1.232595e-32 1.224606e-16) (1.224606e-16 2.220446e-16 1.0) (-1.232595e-32 1.0 -2.220446e-16)) pos #f(0.0 0.0 0.0) parent #42# descendants nil worldcoords #s(coordinates plist nil rot #2f((0.173648 1.665335e-16 0.984808) (0.984808 -8.326673e-17 -0.173648) (5.551115e-17 1.0 -1.387779e-16)) pos #f(44.6807 701.701 1000.0)) manager #43# changed t) #44=#s(cascaded-coords plist nil rot #2f((-1.0 1.232595e-32 1.224606e-16) (1.224606e-16 2.220446e-16 1.0) (-1.232595e-32 1.0 -2.220446e-16)) pos #f(0.0 0.0 0.0) parent #42# descendants nil worldcoords #s(coordinates plist nil rot #2f((-0.173648 1.665335e-16 0.984808) (0.984808 5.551115e-17 0.173648) (-5.551115e-17 1.0 -1.665335e-16)) pos #f(75.0692 475.958 1000.0)) manager #44# changed t) #45=#s(cascaded-coords plist nil rot #2f((-1.0 1.232595e-32 1.224606e-16) (1.224606e-16 2.220446e-16 1.0) (-1.232595e-32 1.0 -2.220446e-16)) pos #f(0.0 0.0 0.0) parent #42# descendants nil worldcoords #s(coordinates plist nil rot #2f((-0.5 1.665335e-16 0.866025) (0.866025 1.665335e-16 0.5) (-5.551115e-17 1.0 -1.665335e-16)) pos #f(180.833 274.223 1000.0)) manager #45# changed t) #46=#s(cascaded-coords plist nil rot #2f((-1.0 1.232595e-32 1.224606e-16) (1.224606e-16 2.220446e-16 1.0) (-1.232595e-32 1.0 -2.220446e-16)) pos #f(0.0 0.0 0.0) parent #42# descendants nil worldcoords #s(coordinates plist nil rot #2f((-0.766044 1.110223e-16 0.642788) (0.642788 1.110223e-16 0.766044) (0.0 1.0 -1.110223e-16)) pos #f(349.217 120.827 1000.0)) manager #46# changed t) #47=#s(cascaded-coords plist nil rot #2f((-1.0 1.232595e-32 1.224606e-16) (1.224606e-16 2.220446e-16 1.0) (-1.232595e-32 1.0 -2.220446e-16)) pos #f(0.0 0.0 0.0) parent #42# descendants nil worldcoords #s(coordinates plist nil rot #2f((-1.0 -7.498304e-33 1.224606e-16) (1.224606e-16 -6.123032e-17 1.0) (0.0 1.0 6.123032e-17)) pos #f(787.5 25.0 1000.0)) manager #47# changed t) #48=#s(cascaded-coords plist nil rot #2f((-1.0 1.232595e-32 1.224606e-16) (1.224606e-16 2.220446e-16 1.0) (-1.232595e-32 1.0 -2.220446e-16)) pos #f(0.0 0.0 0.0) parent #42# descendants nil worldcoords #s(coordinates plist nil rot #2f((0.173648 1.665335e-16 0.984808) (0.984808 -8.326673e-17 -0.173648) (5.551115e-17 1.0 -1.387779e-16)) pos #f(44.6807 701.701 1000.0)) manager #48# changed t) #49=#s(cascaded-coords plist nil rot #2f((-1.0 1.232595e-32 1.224606e-16) (1.224606e-16 2.220446e-16 1.0) (-1.232595e-32 1.0 -2.220446e-16)) pos #f(0.0 0.0 0.0) parent #42# descendants nil worldcoords #s(coordinates plist nil rot #2f((-0.173648 1.665335e-16 0.984808) (0.984808 5.551115e-17 0.173648) (-5.551115e-17 1.0 -1.665335e-16)) pos #f(75.0692 475.958 1000.0)) manager #49# changed t) #50=#s(cascaded-coords plist nil rot #2f((-1.0 1.232595e-32 1.224606e-16) (1.224606e-16 2.220446e-16 1.0) (-1.232595e-32 1.0 -2.220446e-16)) pos #f(0.0 0.0 0.0) parent #42# descendants nil worldcoords #s(coordinates plist nil rot #2f((-0.5 1.665335e-16 0.866025) (0.866025 1.665335e-16 0.5) (-5.551115e-17 1.0 -1.665335e-16)) pos #f(180.833 274.223 1000.0)) manager #50# changed t) #51=#s(cascaded-coords plist nil rot #2f((-1.0 1.232595e-32 1.224606e-16) (1.224606e-16 2.220446e-16 1.0) (-1.232595e-32 1.0 -2.220446e-16)) pos #f(0.0 0.0 0.0) parent #42# descendants nil worldcoords #s(coordinates plist nil rot #2f((-0.766044 1.110223e-16 0.642788) (0.642788 1.110223e-16 0.766044) (0.0 1.0 -1.110223e-16)) pos #f(349.217 120.827 1000.0)) manager #51# changed t) #52=#s(cascaded-coords plist nil rot #2f((-1.0 1.232595e-32 1.224606e-16) (1.224606e-16 2.220446e-16 1.0) (-1.232595e-32 1.0 -2.220446e-16)) pos #f(0.0 0.0 0.0) parent #42# descendants nil worldcoords #s(coordinates plist nil rot #2f((-1.0 -7.498304e-33 1.224606e-16) (1.224606e-16 -6.123032e-17 1.0) (0.0 1.0 6.123032e-17)) pos #f(787.5 25.0 1000.0)) manager #52# changed t)) worldcoords #s(coordinates plist nil rot #2f((-0.173648 0.984808 0.0) (-0.984808 -0.173648 0.0) (0.0 0.0 1.0)) pos #f(44.6807 701.701 1000.0)) manager #42# changed t) #53=#s(body plist ((:face-color . #92=#f(0.996094 0.0 0.0)) (:gl-displaylist-id (100090720 . 71)) (:volume . 75000.0) (:centroid . #f(0.0 -2.728484e-16 -1.818989e-16))) rot #2f((1.0 0.0 0.0) (0.0 1.0 0.0) (0.0 0.0 1.0)) pos #f(0.0 50.0 0.0) parent #41# descendants nil worldcoords #s(coordinates plist nil rot #2f((-0.173648 0.984808 0.0) (-0.984808 -0.173648 0.0) (0.0 0.0 1.0)) pos #f(44.6807 701.701 1000.0)) manager #53# changed nil box #s(bounding-box geometry::minpoint #f(-7.99389 677.871 987.3) geometry::maxpoint #f(97.3554 725.53 1012.7)) faces (#59=#s(face plist nil normal #f(0.0 0.0 -1.0) distance 987.5 convexp t edges (#74=#s(edge plist nil pvert #54=#f(91.3164 678.246 987.5) nvert #55=#f(96.5259 707.79 987.5) pface #57=#s(face plist nil normal #f(0.984808 -0.173648 0.0) distance 27.8471 convexp t edges (#72=#s(edge plist nil pvert #54# nvert #63=#f(91.3164 678.246 1012.5) pface #68=#s(face plist nil normal #f(-0.173648 -0.984808 0.0) distance 683.799 convexp t edges (#70=#s(edge plist nil pvert #69=#f(-7.16437 695.611 987.5) nvert #66=#f(-7.16437 695.611 1012.5) pface #67=#s(face plist nil normal #f(-0.984808 0.173648 0.0) distance -127.847 convexp t edges (#60=#s(edge plist nil pvert #58=#f(-1.95492 725.155 987.5) nvert #62=#f(-1.95492 725.155 1012.5) pface #56=#s(face plist nil normal #f(0.173648 0.984808 0.0) distance -713.799 convexp t edges (#75=#s(edge plist nil pvert #61=#f(96.5259 707.79 1012.5) nvert #55# pface #56# nface #57# angle 1.5708 flags 0) #79=#s(edge plist nil pvert #55# nvert #58# pface #56# nface #59# angle 1.5708 flags 0) #60# #65=#s(edge plist nil pvert #61# nvert #62# pface #64=#s(face plist nil normal #f(0.0 0.0 1.0) distance -1012.5 convexp t edges (#76=#s(edge plist nil pvert #63# nvert #61# pface #64# nface #57# angle 1.5708 flags 0) #65# #71=#s(edge plist nil pvert #62# nvert #66# pface #64# nface #67# angle 1.5708 flags 0) #73=#s(edge plist nil pvert #66# nvert #63# pface #64# nface #68# angle 1.5708 flags 0)) vertices (#63# #61# #62# #66# #63#) model-normal #f(0.0 0.0 1.0) model-distance -12.5 holes nil mbody #53# primitive-face #64# id (:top)) nface #56# angle 1.5708 flags 0)) vertices (#61# #55# #58# #62# #61#) model-normal #f(-1.0 0.0 0.0) model-distance -15.0 holes nil mbody #53# primitive-face #56# id (:side 0 :-x)) nface #67# angle 1.5708 flags 0) #78=#s(edge plist nil pvert #58# nvert #69# pface #67# nface #59# angle 1.5708 flags 0) #70# #71#) vertices (#62# #58# #69# #66# #62#) model-normal #f(0.0 -1.0 0.0) model-distance -50.0 holes nil mbody #53# primitive-face #67# id (:side 1 :-y)) nface #68# angle 1.5708 flags 0) #77=#s(edge plist nil pvert #69# nvert #54# pface #68# nface #59# angle 1.5708 flags 0) #72# #73#) vertices (#66# #69# #54# #63# #66#) model-normal #f(1.0 0.0 0.0) model-distance -15.0 holes nil mbody #53# primitive-face #68# id (:side 2 :x)) nface #57# angle 1.5708 flags 0) #74# #75# #76#) vertices (#63# #54# #55# #61# #63#) model-normal #f(0.0 1.0 0.0) model-distance -50.0 holes nil mbody #53# primitive-face #57# id (:side 3 :y)) nface #59# angle 1.5708 flags 0) #77# #78# #79#) vertices (#55# #54# #69# #58# #55#) model-normal #f(0.0 0.0 -1.0) model-distance -12.5 holes nil mbody #53# primitive-face #59# id (:bottom)) #64# #57# #68# #67# #56#) edges (#74# #76# #77# #72# #73# #78# #70# #71# #75# #79# #60# #65#) vertices (#54# #63# #69# #66# #55# #58# #62# #61#) model-vertices (#f(15.0 50.0 -12.5) #f(15.0 50.0 12.5) #f(15.0 -50.0 -12.5) #f(15.0 -50.0 12.5) #f(-15.0 50.0 -12.5) #f(-15.0 -50.0 -12.5) #f(-15.0 -50.0 12.5) #f(-15.0 50.0 12.5)) convexp t geometry::evertedp nil csg ((:cube 30.0 100.0 25.0)))) worldcoords #s(coordinates plist nil rot #2f((-0.173648 0.984808 0.0) (-0.984808 -0.173648 0.0) (0.0 0.0 1.0)) pos #f(-4.55964 710.383 1000.0)) manager #41# changed nil geometry::bodies (#53#) joint nil parent-link nil child-links nil analysis-level :body default-coords nil weight 1 acentroid #120=#f(0.0 0.0 0.0) inertia-tensor #2f((1.0 0.0 0.0) (0.0 1.0 0.0) (0.0 0.0 1.0)) angular-velocity #f(0.0 0.0 0.0) angular-acceleration #f(0.0 0.0 0.0) spacial-velocity #f(0.0 0.0 0.0) spacial-acceleration #f(0.0 0.0 0.0) momentum-velocity #f(0.0 0.0 0.0) angular-momentum-velocity #f(0.0 0.0 0.0) momentum #f(0.0 0.0 0.0) angular-momentum #f(0.0 0.0 0.0) force #f(0.0 0.0 0.0) moment #f(0.0 0.0 0.0) ext-force #f(0.0 0.0 0.0) ext-moment #f(0.0 0.0 0.0)) #80=#s(cascaded-coords plist nil rot #2f((1.0 0.0 0.0) (0.0 1.0 0.0) (0.0 0.0 1.0)) pos #f(0.0 50.0 0.0) parent #40# descendants nil worldcoords #s(coordinates plist nil rot #2f((1.0 0.0 0.0) (0.0 1.0 0.0) (0.0 0.0 1.0)) pos #f(0.0 50.0 0.0)) manager #80# changed t) #81=#s(cascaded-coords plist ((:name . "front-knob-coords")) rot #2f((1.0 0.0 0.0) (0.0 1.0 0.0) (0.0 0.0 1.0)) pos #f(0.0 50.0 0.0) parent #40# descendants (#82=#s(cascaded-coords plist nil rot #2f((1.0 0.0 0.0) (0.0 2.220446e-16 -1.0) (0.0 1.0 2.220446e-16)) pos #f(0.0 0.0 0.0) parent #81# descendants nil worldcoords #s(coordinates plist nil rot #2f((-0.173648 1.665335e-16 -0.984808) (-0.984808 -5.551115e-17 0.173648) (0.0 1.0 1.665335e-16)) pos #f(66.3868 824.802 1000.0)) manager #82# changed t) #83=#s(cascaded-coords plist nil rot #2f((1.0 0.0 0.0) (0.0 2.220446e-16 -1.0) (0.0 1.0 2.220446e-16)) pos #f(0.0 0.0 0.0) parent #81# descendants nil worldcoords #s(coordinates plist nil rot #2f((0.173648 1.665335e-16 -0.984808) (-0.984808 5.551115e-17 -0.173648) (5.551115e-17 1.0 1.665335e-16)) pos #f(53.3632 599.059 1000.0)) manager #83# changed t) #84=#s(cascaded-coords plist nil rot #2f((1.0 0.0 0.0) (0.0 2.220446e-16 -1.0) (0.0 1.0 2.220446e-16)) pos #f(0.0 0.0 0.0) parent #81# descendants nil worldcoords #s(coordinates plist nil rot #2f((0.5 1.665335e-16 -0.866025) (-0.866025 1.110223e-16 -0.5) (0.0 1.0 2.081668e-16)) pos #f(118.333 382.476 1000.0)) manager #84# changed t) #85=#s(cascaded-coords plist nil rot #2f((1.0 0.0 0.0) (0.0 2.220446e-16 -1.0) (0.0 1.0 2.220446e-16)) pos #f(0.0 0.0 0.0) parent #81# descendants nil worldcoords #s(coordinates plist nil rot #2f((0.766044 1.110223e-16 -0.642788) (-0.642788 1.387779e-16 -0.766044) (0.0 1.0 1.942890e-16)) pos #f(253.461 201.176 1000.0)) manager #85# changed t) #86=#s(cascaded-coords plist nil rot #2f((1.0 0.0 0.0) (0.0 2.220446e-16 -1.0) (0.0 1.0 2.220446e-16)) pos #f(0.0 0.0 0.0) parent #81# descendants nil worldcoords #s(coordinates plist nil rot #2f((0.939693 5.551115e-17 -0.34202) (-0.34202 1.630640e-16 -0.939693) (0.0 1.0 1.700029e-16)) pos #f(442.448 77.0256 1000.0)) manager #86# changed t) #87=#s(cascaded-coords plist nil rot #2f((1.0 0.0 0.0) (0.0 2.220446e-16 -1.0) (0.0 1.0 2.220446e-16)) pos #f(0.0 0.0 0.0) parent #81# descendants nil worldcoords #s(coordinates plist nil rot #2f((1.0 0.0 0.0) (0.0 6.123032e-17 -1.0) (0.0 1.0 6.123032e-17)) pos #f(662.5 25.0 1000.0)) manager #87# changed t) #88=#s(cascaded-coords plist nil rot #2f((1.0 0.0 0.0) (0.0 2.220446e-16 -1.0) (0.0 1.0 2.220446e-16)) pos #f(0.0 0.0 0.0) parent #81# descendants nil worldcoords #s(coordinates plist nil rot #2f((1.0 0.0 0.0) (0.0 6.123032e-17 -1.0) (0.0 1.0 6.123032e-17)) pos #f(662.5 25.0 1000.0)) manager #88# changed t) #89=#s(cascaded-coords plist nil rot #2f((1.0 0.0 0.0) (0.0 2.220446e-16 -1.0) (0.0 1.0 2.220446e-16)) pos #f(0.0 0.0 0.0) parent #81# descendants nil worldcoords #s(coordinates plist nil rot #2f((0.5 1.665335e-16 -0.866025) (-0.866025 1.110223e-16 -0.5) (0.0 1.0 2.081668e-16)) pos #f(118.333 382.476 1000.0)) manager #89# changed t) #90=#s(cascaded-coords plist nil rot #2f((1.0 0.0 0.0) (0.0 2.220446e-16 -1.0) (0.0 1.0 2.220446e-16)) pos #f(0.0 0.0 0.0) parent #81# descendants nil worldcoords #s(coordinates plist nil rot #2f((0.766044 1.110223e-16 -0.642788) (-0.642788 1.387779e-16 -0.766044) (0.0 1.0 1.942890e-16)) pos #f(253.461 201.176 1000.0)) manager #90# changed t) #91=#s(cascaded-coords plist nil rot #2f((1.0 0.0 0.0) (0.0 2.220446e-16 -1.0) (0.0 1.0 2.220446e-16)) pos #f(0.0 0.0 0.0) parent #81# descendants nil worldcoords #s(coordinates plist nil rot #2f((0.939693 5.551115e-17 -0.34202) (-0.34202 1.630640e-16 -0.939693) (0.0 1.0 1.700029e-16)) pos #f(442.448 77.0256 1000.0)) manager #91# changed t)) worldcoords #s(coordinates plist nil rot #2f((-0.173648 0.984808 0.0) (-0.984808 -0.173648 0.0) (0.0 0.0 1.0)) pos #f(66.3868 824.802 1000.0)) manager #81# changed t) #93=#s(body plist ((:face-color . #92#) (:gl-displaylist-id (100090720 . 70)) (:volume . 75000.0) (:centroid . #f(0.0 -2.728484e-16 -1.818989e-16))) rot #2f((1.0 0.0 0.0) (0.0 1.0 0.0) (0.0 0.0 1.0)) pos #f(0.0 50.0 0.0) parent #40# descendants nil worldcoords #s(coordinates plist nil rot #2f((-0.173648 0.984808 0.0) (-0.984808 -0.173648 0.0) (0.0 0.0 1.0)) pos #f(66.3868 824.802 1000.0)) manager #93# changed nil box #s(bounding-box geometry::minpoint #f(13.7121 800.972 987.3) geometry::maxpoint #f(119.061 848.631 1012.7)) faces (#99=#s(face plist nil normal #f(0.0 0.0 -1.0) distance 987.5 convexp t edges (#114=#s(edge plist nil pvert #94=#f(113.022 801.347 987.5) nvert #95=#f(118.232 830.891 987.5) pface #97=#s(face plist nil normal #f(0.984808 -0.173648 0.0) distance 27.8471 convexp t edges (#112=#s(edge plist nil pvert #94# nvert #103=#f(113.022 801.347 1012.5) pface #108=#s(face plist nil normal #f(-0.173648 -0.984808 0.0) distance 808.799 convexp t edges (#110=#s(edge plist nil pvert #109=#f(14.5417 818.712 987.5) nvert #106=#f(14.5417 818.712 1012.5) pface #107=#s(face plist nil normal #f(-0.984808 0.173648 0.0) distance -127.847 convexp t edges (#100=#s(edge plist nil pvert #98=#f(19.7511 848.256 987.5) nvert #102=#f(19.7511 848.256 1012.5) pface #96=#s(face plist nil normal #f(0.173648 0.984808 0.0) distance -838.799 convexp t edges (#115=#s(edge plist nil pvert #101=#f(118.232 830.891 1012.5) nvert #95# pface #96# nface #97# angle 1.5708 flags 0) #119=#s(edge plist nil pvert #95# nvert #98# pface #96# nface #99# angle 1.5708 flags 0) #100# #105=#s(edge plist nil pvert #101# nvert #102# pface #104=#s(face plist nil normal #f(0.0 0.0 1.0) distance -1012.5 convexp t edges (#116=#s(edge plist nil pvert #103# nvert #101# pface #104# nface #97# angle 1.5708 flags 0) #105# #111=#s(edge plist nil pvert #102# nvert #106# pface #104# nface #107# angle 1.5708 flags 0) #113=#s(edge plist nil pvert #106# nvert #103# pface #104# nface #108# angle 1.5708 flags 0)) vertices (#103# #101# #102# #106# #103#) model-normal #f(0.0 0.0 1.0) model-distance -12.5 holes nil mbody #93# primitive-face #104# id (:top)) nface #96# angle 1.5708 flags 0)) vertices (#101# #95# #98# #102# #101#) model-normal #f(-1.0 0.0 0.0) model-distance -15.0 holes nil mbody #93# primitive-face #96# id (:side 0 :-x)) nface #107# angle 1.5708 flags 0) #118=#s(edge plist nil pvert #98# nvert #109# pface #107# nface #99# angle 1.5708 flags 0) #110# #111#) vertices (#102# #98# #109# #106# #102#) model-normal #f(0.0 -1.0 0.0) model-distance -50.0 holes nil mbody #93# primitive-face #107# id (:side 1 :-y)) nface #108# angle 1.5708 flags 0) #117=#s(edge plist nil pvert #109# nvert #94# pface #108# nface #99# angle 1.5708 flags 0) #112# #113#) vertices (#106# #109# #94# #103# #106#) model-normal #f(1.0 0.0 0.0) model-distance -15.0 holes nil mbody #93# primitive-face #108# id (:side 2 :x)) nface #97# angle 1.5708 flags 0) #114# #115# #116#) vertices (#103# #94# #95# #101# #103#) model-normal #f(0.0 1.0 0.0) model-distance -50.0 holes nil mbody #93# primitive-face #97# id (:side 3 :y)) nface #99# angle 1.5708 flags 0) #117# #118# #119#) vertices (#95# #94# #109# #98# #95#) model-normal #f(0.0 0.0 -1.0) model-distance -12.5 holes nil mbody #93# primitive-face #99# id (:bottom)) #104# #97# #108# #107# #96#) edges (#114# #116# #117# #112# #113# #118# #110# #111# #115# #119# #100# #105#) vertices (#94# #103# #109# #106# #95# #98# #102# #101#) model-vertices (#f(15.0 50.0 -12.5) #f(15.0 50.0 12.5) #f(15.0 -50.0 -12.5) #f(15.0 -50.0 12.5) #f(-15.0 50.0 -12.5) #f(-15.0 -50.0 -12.5) #f(-15.0 -50.0 12.5) #f(-15.0 50.0 12.5)) convexp t geometry::evertedp nil csg ((:cube 30.0 100.0 25.0)))) worldcoords #s(coordinates plist nil rot #2f((-0.173648 0.984808 0.0) (-0.984808 -0.173648 0.0) (0.0 0.0 1.0)) pos #f(17.1464 833.484 1000.0)) manager #40# changed nil geometry::bodies (#93#) joint #149=#s(rotational-joint plist ((:name . j1)) parent-link #39# child-link #40# joint-angle 0.0 min-angle -60 max-angle 0 default-coords #s(coordinates plist nil rot #2f((1.0 0.0 0.0) (0.0 1.0 0.0) (0.0 0.0 1.0)) pos #f(-37.5 -700.0 1000.0)) joint-velocity 0.0 joint-acceleration 0.0 joint-torque 0.0 max-joint-velocity 5 max-joint-torque 100 joint-min-max-table nil joint-min-max-target nil axis :x) parent-link #39# child-links nil analysis-level :body default-coords nil weight 1 acentroid #120# inertia-tensor #2f((1.0 0.0 0.0) (0.0 1.0 0.0) (0.0 0.0 1.0)) angular-velocity #f(0.0 0.0 0.0) angular-acceleration #f(0.0 0.0 0.0) spacial-velocity #f(0.0 0.0 0.0) spacial-acceleration #f(0.0 0.0 0.0) momentum-velocity #f(0.0 0.0 0.0) angular-momentum-velocity #f(0.0 0.0 0.0) momentum #f(0.0 0.0 0.0) angular-momentum #f(0.0 0.0 0.0) force #f(0.0 0.0 0.0) moment #f(0.0 0.0 0.0) ext-force #f(0.0 0.0 0.0) ext-moment #f(0.0 0.0 0.0)) #41# #121=#s(bodyset-link plist ((:pqpmodel . 100567584) (:name . wall) (:i-til . #2f((0.0 0.0 0.0) (0.0 0.0 0.0) (0.0 0.0 0.0))) (:c-til . #f(0.0 0.0 0.0)) (:m-til . 0)) rot #2f((1.0 0.0 0.0) (0.0 1.0 0.0) (0.0 0.0 1.0)) pos #f(0.0 -25.0 0.0) parent #37# descendants (#122=#s(body plist ((:face-color . #f(0.742188 0.742188 0.742188 0.8)) (:gl-displaylist-id (100090720 . 72)) (:volume . 7.950000e+07) (:centroid . #f(0.0 -1.464344e-16 -1.862645e-14))) rot #2f((1.0 0.0 0.0) (0.0 1.0 0.0) (0.0 0.0 1.0)) pos #f(25.0 -1192.5 1000.0) parent #121# descendants nil worldcoords #s(coordinates plist nil rot #2f((1.0 0.0 0.0) (0.0 1.0 0.0) (0.0 0.0 1.0)) pos #f(725.0 -517.5 1000.0)) manager #122# changed nil box #s(bounding-box geometry::minpoint #f(699.6 -921.36 -16.0) geometry::maxpoint #f(750.4 -113.64 2016.0)) faces (#128=#s(face plist nil normal #f(0.0 0.0 -1.0) distance 0.0 convexp t edges (#143=#s(edge plist nil pvert #123=#f(750.0 -120.0 0.0) nvert #124=#f(700.0 -120.0 0.0) pface #126=#s(face plist nil normal #f(0.0 1.0 0.0) distance 120.0 convexp t edges (#141=#s(edge plist nil pvert #123# nvert #132=#f(750.0 -120.0 2000.0) pface #137=#s(face plist nil normal #f(1.0 0.0 0.0) distance -750.0 convexp t edges (#139=#s(edge plist nil pvert #138=#f(750.0 -915.0 0.0) nvert #135=#f(750.0 -915.0 2000.0) pface #136=#s(face plist nil normal #f(0.0 -1.0 0.0) distance -915.0 convexp t edges (#129=#s(edge plist nil pvert #127=#f(700.0 -915.0 0.0) nvert #131=#f(700.0 -915.0 2000.0) pface #125=#s(face plist nil normal #f(-1.0 0.0 0.0) distance 700.0 convexp t edges (#144=#s(edge plist nil pvert #130=#f(700.0 -120.0 2000.0) nvert #124# pface #125# nface #126# angle 1.5708 flags 0) #148=#s(edge plist nil pvert #124# nvert #127# pface #125# nface #128# angle 1.5708 flags 0) #129# #134=#s(edge plist nil pvert #130# nvert #131# pface #133=#s(face plist nil normal #f(0.0 0.0 1.0) distance -2000.0 convexp t edges (#145=#s(edge plist nil pvert #132# nvert #130# pface #133# nface #126# angle 1.5708 flags 0) #134# #140=#s(edge plist nil pvert #131# nvert #135# pface #133# nface #136# angle 1.5708 flags 0) #142=#s(edge plist nil pvert #135# nvert #132# pface #133# nface #137# angle 1.5708 flags 0)) vertices (#132# #130# #131# #135# #132#) model-normal #f(0.0 0.0 1.0) model-distance -1000.0 holes nil mbody #122# primitive-face #133# id (:top)) nface #125# angle 1.5708 flags 0)) vertices (#130# #124# #127# #131# #130#) model-normal #f(-1.0 0.0 0.0) model-distance -25.0 holes nil mbody #122# primitive-face #125# id (:side 0 :-x)) nface #136# angle 1.5708 flags 0) #147=#s(edge plist nil pvert #127# nvert #138# pface #136# nface #128# angle 1.5708 flags 0) #139# #140#) vertices (#131# #127# #138# #135# #131#) model-normal #f(0.0 -1.0 0.0) model-distance -397.5 holes nil mbody #122# primitive-face #136# id (:side 1 :-y)) nface #137# angle 1.5708 flags 0) #146=#s(edge plist nil pvert #138# nvert #123# pface #137# nface #128# angle 1.5708 flags 0) #141# #142#) vertices (#135# #138# #123# #132# #135#) model-normal #f(1.0 0.0 0.0) model-distance -25.0 holes nil mbody #122# primitive-face #137# id (:side 2 :x)) nface #126# angle 1.5708 flags 0) #143# #144# #145#) vertices (#132# #123# #124# #130# #132#) model-normal #f(0.0 1.0 0.0) model-distance -397.5 holes nil mbody #122# primitive-face #126# id (:side 3 :y)) nface #128# angle 1.5708 flags 0) #146# #147# #148#) vertices (#124# #123# #138# #127# #124#) model-normal #f(0.0 0.0 -1.0) model-distance -1000.0 holes nil mbody #122# primitive-face #128# id (:bottom)) #133# #126# #137# #136# #125#) edges (#143# #145# #146# #141# #142# #147# #139# #140# #144# #148# #129# #134#) vertices (#123# #132# #138# #135# #124# #127# #131# #130#) model-vertices (#f(25.0 397.5 -1000.0) #f(25.0 397.5 1000.0) #f(25.0 -397.5 -1000.0) #f(25.0 -397.5 1000.0) #f(-25.0 397.5 -1000.0) #f(-25.0 -397.5 -1000.0) #f(-25.0 -397.5 1000.0) #f(-25.0 397.5 1000.0)) convexp t geometry::evertedp nil csg ((:cube 50.0 795.0 2000.0)))) worldcoords #s(coordinates plist nil rot #2f((1.0 0.0 0.0) (0.0 1.0 0.0) (0.0 0.0 1.0)) pos #f(700.0 675.0 0.0)) manager #121# changed nil geometry::bodies (#122#) joint nil parent-link nil child-links nil analysis-level :body default-coords nil weight 1 acentroid #120# inertia-tensor #2f((1.0 0.0 0.0) (0.0 1.0 0.0) (0.0 0.0 1.0)) angular-velocity #f(0.0 0.0 0.0) angular-acceleration #f(0.0 0.0 0.0) spacial-velocity #f(0.0 0.0 0.0) spacial-acceleration #f(0.0 0.0 0.0) momentum-velocity #f(0.0 0.0 0.0) angular-momentum-velocity #f(0.0 0.0 0.0) momentum #f(0.0 0.0 0.0) angular-momentum #f(0.0 0.0 0.0) force #f(0.0 0.0 0.0) moment #f(0.0 0.0 0.0) ext-force #f(0.0 0.0 0.0) ext-moment #f(0.0 0.0 0.0))) joint-list (#204=#s(rotational-joint plist ((:name . j1)) parent-link #37# child-link #39# joint-angle -100 min-angle -100 max-angle 100 default-coords #s(coordinates plist nil rot #2f((1.0 0.0 0.0) (0.0 1.0 0.0) (0.0 0.0 1.0)) pos #f(0.0 -25.0 0.0)) joint-velocity 0.0 joint-acceleration 0.0 joint-torque 0.0 max-joint-velocity 5 max-joint-torque 100 joint-min-max-table nil joint-min-max-target nil axis :z) #149#) bodies (#150=#s(body plist ((:face-color . #f(0.742188 0.742188 0.742188)) (:gl-displaylist-id (100090720 . 68)) (:volume . 5.000000e+06) (:centroid . #f(0.0 -2.182787e-16 -3.725290e-14))) rot #2f((1.0 0.0 0.0) (0.0 1.0 0.0) (0.0 0.0 1.0)) pos #f(0.0 0.0 1000.0) parent #37# descendants nil worldcoords #s(coordinates plist nil rot #2f((1.0 0.0 0.0) (0.0 1.0 0.0) (0.0 0.0 1.0)) pos #f(700.0 700.0 1000.0)) manager #150# changed nil box #s(bounding-box geometry::minpoint #f(674.6 674.6 -16.0) geometry::maxpoint #f(725.4 725.4 2016.0)) faces (#156=#s(face plist nil normal #f(0.0 0.0 -1.0) distance 0.0 convexp t edges (#171=#s(edge plist nil pvert #151=#f(725.0 725.0 0.0) nvert #152=#f(675.0 725.0 0.0) pface #154=#s(face plist nil normal #f(0.0 1.0 0.0) distance -725.0 convexp t edges (#169=#s(edge plist nil pvert #151# nvert #160=#f(725.0 725.0 2000.0) pface #165=#s(face plist nil normal #f(1.0 0.0 0.0) distance -725.0 convexp t edges (#167=#s(edge plist nil pvert #166=#f(725.0 675.0 0.0) nvert #163=#f(725.0 675.0 2000.0) pface #164=#s(face plist nil normal #f(0.0 -1.0 0.0) distance 675.0 convexp t edges (#157=#s(edge plist nil pvert #155=#f(675.0 675.0 0.0) nvert #159=#f(675.0 675.0 2000.0) pface #153=#s(face plist nil normal #f(-1.0 0.0 0.0) distance 675.0 convexp t edges (#172=#s(edge plist nil pvert #158=#f(675.0 725.0 2000.0) nvert #152# pface #153# nface #154# angle 1.5708 flags 0) #176=#s(edge plist nil pvert #152# nvert #155# pface #153# nface #156# angle 1.5708 flags 0) #157# #162=#s(edge plist nil pvert #158# nvert #159# pface #161=#s(face plist nil normal #f(0.0 0.0 1.0) distance -2000.0 convexp t edges (#173=#s(edge plist nil pvert #160# nvert #158# pface #161# nface #154# angle 1.5708 flags 0) #162# #168=#s(edge plist nil pvert #159# nvert #163# pface #161# nface #164# angle 1.5708 flags 0) #170=#s(edge plist nil pvert #163# nvert #160# pface #161# nface #165# angle 1.5708 flags 0)) vertices (#160# #158# #159# #163# #160#) model-normal #f(0.0 0.0 1.0) model-distance -1000.0 holes nil mbody #150# primitive-face #161# id (:top)) nface #153# angle 1.5708 flags 0)) vertices (#158# #152# #155# #159# #158#) model-normal #f(-1.0 0.0 0.0) model-distance -25.0 holes nil mbody #150# primitive-face #153# id (:side 0 :-x)) nface #164# angle 1.5708 flags 0) #175=#s(edge plist nil pvert #155# nvert #166# pface #164# nface #156# angle 1.5708 flags 0) #167# #168#) vertices (#159# #155# #166# #163# #159#) model-normal #f(0.0 -1.0 0.0) model-distance -25.0 holes nil mbody #150# primitive-face #164# id (:side 1 :-y)) nface #165# angle 1.5708 flags 0) #174=#s(edge plist nil pvert #166# nvert #151# pface #165# nface #156# angle 1.5708 flags 0) #169# #170#) vertices (#163# #166# #151# #160# #163#) model-normal #f(1.0 0.0 0.0) model-distance -25.0 holes nil mbody #150# primitive-face #165# id (:side 2 :x)) nface #154# angle 1.5708 flags 0) #171# #172# #173#) vertices (#160# #151# #152# #158# #160#) model-normal #f(0.0 1.0 0.0) model-distance -25.0 holes nil mbody #150# primitive-face #154# id (:side 3 :y)) nface #156# angle 1.5708 flags 0) #174# #175# #176#) vertices (#152# #151# #166# #155# #152#) model-normal #f(0.0 0.0 -1.0) model-distance -1000.0 holes nil mbody #150# primitive-face #156# id (:bottom)) #161# #154# #165# #164# #153#) edges (#171# #173# #174# #169# #170# #175# #167# #168# #172# #176# #157# #162#) vertices (#151# #160# #166# #163# #152# #155# #159# #158#) model-vertices (#f(25.0 25.0 -1000.0) #f(25.0 25.0 1000.0) #f(25.0 -25.0 -1000.0) #f(25.0 -25.0 1000.0) #f(-25.0 25.0 -1000.0) #f(-25.0 -25.0 -1000.0) #f(-25.0 -25.0 1000.0) #f(-25.0 25.0 1000.0)) convexp t geometry::evertedp nil csg ((:cube 50.0 50.0 2000.0))) #177=#s(body plist ((:face-color . #f(0.996094 0.996094 0.0 0.8)) (:gl-displaylist-id (100090720 . 69)) (:volume . 7.950000e+07) (:centroid . #f(0.0 -1.464344e-16 -1.862645e-14))) rot #2f((1.0 0.0 0.0) (0.0 1.0 0.0) (0.0 0.0 1.0)) pos #f(25.0 -397.5 1000.0) parent #39# descendants nil worldcoords #s(coordinates plist nil rot #2f((-0.173648 0.984808 0.0) (-0.984808 -0.173648 0.0) (0.0 0.0 1.0)) pos #f(304.198 719.405 1000.0)) manager #177# changed nil box #s(bounding-box geometry::minpoint #f(-97.9374 624.261 -16.0) geometry::maxpoint #f(706.333 814.549 2016.0)) faces (#183=#s(face plist nil normal #f(0.0 0.0 -1.0) distance 0.0 convexp t edges (#198=#s(edge plist nil pvert #178=#f(691.318 625.76 0.0) nvert #179=#f(700.0 675.0 0.0) pface #181=#s(face plist nil normal #f(0.984808 -0.173648 0.0) distance -572.153 convexp t edges (#196=#s(edge plist nil pvert #178# nvert #187=#f(691.318 625.76 2000.0) pface #192=#s(face plist nil normal #f(-0.173648 -0.984808 0.0) distance 736.299 convexp t edges (#194=#s(edge plist nil pvert #193=#f(-91.6046 763.81 0.0) nvert #190=#f(-91.6046 763.81 2000.0) pface #191=#s(face plist nil normal #f(-0.984808 0.173648 0.0) distance -222.847 convexp t edges (#184=#s(edge plist nil pvert #182=#f(-82.9222 813.05 0.0) nvert #186=#f(-82.9222 813.05 2000.0) pface #180=#s(face plist nil normal #f(0.173648 0.984808 0.0) distance -786.299 convexp t edges (#199=#s(edge plist nil pvert #185=#f(700.0 675.0 2000.0) nvert #179# pface #180# nface #181# angle 1.5708 flags 0) #203=#s(edge plist nil pvert #179# nvert #182# pface #180# nface #183# angle 1.5708 flags 0) #184# #189=#s(edge plist nil pvert #185# nvert #186# pface #188=#s(face plist nil normal #f(0.0 0.0 1.0) distance -2000.0 convexp t edges (#200=#s(edge plist nil pvert #187# nvert #185# pface #188# nface #181# angle 1.5708 flags 0) #189# #195=#s(edge plist nil pvert #186# nvert #190# pface #188# nface #191# angle 1.5708 flags 0) #197=#s(edge plist nil pvert #190# nvert #187# pface #188# nface #192# angle 1.5708 flags 0)) vertices (#187# #185# #186# #190# #187#) model-normal #f(0.0 0.0 1.0) model-distance -1000.0 holes nil mbody #177# primitive-face #188# id (:top)) nface #180# angle 1.5708 flags 0)) vertices (#185# #179# #182# #186# #185#) model-normal #f(-1.0 0.0 0.0) model-distance -25.0 holes nil mbody #177# primitive-face #180# id (:side 0 :-x)) nface #191# angle 1.5708 flags 0) #202=#s(edge plist nil pvert #182# nvert #193# pface #191# nface #183# angle 1.5708 flags 0) #194# #195#) vertices (#186# #182# #193# #190# #186#) model-normal #f(0.0 -1.0 0.0) model-distance -397.5 holes nil mbody #177# primitive-face #191# id (:side 1 :-y)) nface #192# angle 1.5708 flags 0) #201=#s(edge plist nil pvert #193# nvert #178# pface #192# nface #183# angle 1.5708 flags 0) #196# #197#) vertices (#190# #193# #178# #187# #190#) model-normal #f(1.0 0.0 0.0) model-distance -25.0 holes nil mbody #177# primitive-face #192# id (:side 2 :x)) nface #181# angle 1.5708 flags 0) #198# #199# #200#) vertices (#187# #178# #179# #185# #187#) model-normal #f(0.0 1.0 0.0) model-distance -397.5 holes nil mbody #177# primitive-face #181# id (:side 3 :y)) nface #183# angle 1.5708 flags 0) #201# #202# #203#) vertices (#179# #178# #193# #182# #179#) model-normal #f(0.0 0.0 -1.0) model-distance -1000.0 holes nil mbody #177# primitive-face #183# id (:bottom)) #188# #181# #192# #191# #180#) edges (#198# #200# #201# #196# #197# #202# #194# #195# #199# #203# #184# #189#) vertices (#178# #187# #193# #190# #179# #182# #186# #185#) model-vertices (#f(25.0 397.5 -1000.0) #f(25.0 397.5 1000.0) #f(25.0 -397.5 -1000.0) #f(25.0 -397.5 1000.0) #f(-25.0 397.5 -1000.0) #f(-25.0 -397.5 -1000.0) #f(-25.0 -397.5 1000.0) #f(-25.0 397.5 1000.0)) convexp t geometry::evertedp nil csg ((:cube 50.0 795.0 2000.0))) #93# #53# #122#) collision-avoidance-links nil end-coords-list nil rear-knob-coords #42# front-knob-coords #81# end-coords #80# l1 #37# l2 #39# l3 #40# j1 #204# j2 #149# door-radius nil door-width 795 door-thic